POMDP Control Experiment Results
============================
Run at: 2025-08-20T05:22:48.890

Parameters:
- Number of experiments: 100
- Maximum steps per experiment: 30
- Planning horizon: 30

Results:
- Success rate: 1.0%
- Average steps (successful): 4.0
- Min steps (successful): 4
- Max steps (successful): 4

Detailed Results:

Experiment 5:
  Success: false
  Steps: 30
  Path: [(1, 1), (1, 1), (2, 1), (1, 2), (1, 1), (1, 1), (1, 1), (1, 1), (1, 1), (1, 1), (1, 1), (1, 1), (1, 1), (1, 1), (1, 1), (1, 1), (1, 1), (1, 1), (1, 1), (1, 1), (1, 1), (1, 1), (1, 1), (1, 1), (1, 1), (1, 1), (1, 1), (1, 1), (1, 2), (2, 2), (2, 2)]

Experiment 56:
  Success: false
  Steps: 30
  Path: [(1, 1), (1, 1), (1, 1), (1, 1), (1, 1), (1, 1), (1, 1), (1, 1), (1, 1), (1, 1), (1, 1), (1, 1), (1, 1), (1, 1), (1, 1), (1, 1), (1, 1), (1, 1), (1, 1), (1, 1), (1, 1), (1, 1), (1, 1), (1, 2), (1, 3), (1, 2), (2, 2), (3, 3), (4, 4), (4, 4), (4, 4)]

Experiment 35:
  Success: false
  Steps: 30
  Path: [(1, 1), (1, 1), (1, 1), (1, 1), (1, 1), (1, 1), (1, 1), (1, 1), (1, 1), (1, 1), (1, 1), (1, 1), (1, 1), (1, 1), (1, 1), (1, 1), (1, 1), (1, 1), (1, 1), (1, 1), (1, 1), (1, 1), (1, 1), (1, 1), (1, 1), (1, 2), (1, 3), (1, 2), (1, 2), (1, 2), (1, 1)]

Experiment 55:
  Success: false
  Steps: 30
  Path: [(1, 1), (1, 1), (1, 1), (1, 1), (1, 1), (1, 1), (1, 1), (1, 1), (1, 1), (1, 1), (1, 1), (1, 1), (1, 1), (1, 1), (1, 1), (1, 1), (1, 1), (1, 1), (1, 1), (1, 1), (1, 1), (1, 1), (1, 1), (1, 2), (1, 3), (1, 2), (1, 3), (2, 3), (2, 3), (1, 4), (1, 3)]

Experiment 60:
  Success: false
  Steps: 30
  Path: [(1, 1), (1, 1), (1, 1), (1, 1), (1, 1), (1, 1), (1, 1), (1, 1), (1, 1), (1, 1), (1, 1), (1, 1), (1, 1), (1, 1), (1, 1), (1, 1), (1, 1), (1, 1), (1, 1), (1, 1), (1, 1), (1, 1), (1, 1), (1, 2), (1, 3), (1, 2), (2, 2), (3, 3), (4, 4), (4, 4), (4, 4)]

Experiment 30:
  Success: false
  Steps: 30
  Path: [(1, 1), (1, 1), (1, 1), (1, 1), (1, 1), (1, 1), (1, 1), (1, 1), (1, 1), (1, 1), (1, 1), (1, 1), (1, 1), (1, 1), (1, 1), (1, 1), (1, 1), (1, 1), (1, 1), (1, 1), (1, 1), (1, 1), (1, 1), (1, 1), (1, 1), (1, 2), (1, 3), (1, 2), (2, 2), (2, 2), (1, 3)]

Experiment 32:
  Success: false
  Steps: 30
  Path: [(1, 1), (1, 1), (1, 1), (1, 1), (1, 1), (1, 1), (1, 1), (1, 1), (1, 1), (1, 1), (1, 1), (1, 1), (1, 1), (1, 1), (1, 1), (1, 1), (1, 1), (1, 1), (1, 1), (1, 1), (1, 1), (1, 1), (1, 1), (1, 1), (1, 1), (1, 2), (1, 3), (1, 2), (2, 2), (3, 3), (3, 3)]

Experiment 6:
  Success: true
  Steps: 4
  Path: [(1, 1), (1, 1), (2, 1), (3, 2), (4, 3)]

Experiment 67:
  Success: false
  Steps: 30
  Path: [(1, 1), (1, 1), (1, 1), (1, 1), (1, 1), (1, 1), (1, 1), (1, 1), (1, 1), (1, 1), (1, 1), (1, 1), (1, 1), (1, 1), (1, 1), (1, 1), (1, 1), (1, 1), (1, 1), (1, 1), (1, 1), (1, 1), (1, 1), (1, 2), (1, 3), (1, 2), (2, 2), (3, 3), (4, 4), (4, 4), (4, 4)]

Experiment 45:
  Success: false
  Steps: 30
  Path: [(1, 1), (1, 1), (1, 1), (1, 1), (1, 1), (1, 1), (1, 1), (1, 1), (1, 1), (1, 1), (1, 1), (1, 1), (1, 1), (1, 1), (1, 1), (1, 1), (1, 1), (1, 1), (1, 1), (1, 1), (1, 1), (1, 1), (1, 1), (1, 1), (1, 2), (1, 3), (1, 2), (2, 2), (3, 3), (4, 4), (4, 4)]

Experiment 73:
  Success: false
  Steps: 30
  Path: [(1, 1), (1, 1), (1, 1), (1, 1), (1, 1), (1, 1), (1, 1), (1, 1), (1, 1), (1, 1), (1, 1), (1, 1), (1, 1), (1, 1), (1, 1), (1, 1), (1, 1), (1, 1), (1, 1), (1, 1), (1, 1), (1, 1), (1, 2), (1, 3), (1, 2), (1, 3), (2, 3), (2, 3), (1, 4), (1, 4), (2, 4)]

Experiment 64:
  Success: false
  Steps: 30
  Path: [(1, 1), (1, 1), (1, 1), (1, 1), (1, 1), (1, 1), (1, 1), (1, 1), (1, 1), (1, 1), (1, 1), (1, 1), (1, 1), (1, 1), (1, 1), (1, 1), (1, 1), (1, 1), (1, 1), (1, 1), (1, 1), (1, 1), (1, 1), (1, 2), (1, 3), (1, 2), (2, 2), (3, 3), (4, 4), (4, 4), (4, 4)]

Experiment 90:
  Success: false
  Steps: 30
  Path: [(1, 1), (1, 1), (1, 1), (1, 1), (1, 1), (1, 1), (1, 1), (1, 1), (1, 1), (1, 1), (1, 1), (1, 1), (1, 1), (1, 1), (1, 1), (1, 1), (1, 1), (1, 1), (1, 1), (1, 1), (1, 1), (1, 1), (1, 2), (1, 3), (2, 3), (3, 4), (3, 4), (3, 4), (3, 4), (3, 4), (3, 4)]

Experiment 4:
  Success: false
  Steps: 30
  Path: [(1, 1), (1, 1), (1, 2), (2, 2), (1, 3), (1, 4), (2, 4), (2, 4), (2, 4), (2, 4), (2, 4), (2, 4), (2, 4), (2, 4), (2, 4), (2, 4), (2, 4), (2, 4), (2, 4), (2, 4), (2, 4), (2, 4), (2, 4), (2, 4), (2, 4), (2, 4), (2, 4), (2, 4), (2, 4), (2, 4), (2, 4)]

Experiment 13:
  Success: false
  Steps: 30
  Path: [(1, 1), (1, 1), (1, 1), (1, 1), (1, 1), (1, 1), (1, 1), (1, 1), (1, 1), (1, 1), (1, 1), (1, 1), (1, 1), (1, 1), (1, 1), (1, 1), (1, 1), (1, 1), (1, 1), (1, 1), (1, 1), (1, 1), (1, 1), (1, 1), (1, 1), (1, 1), (1, 2), (1, 3), (1, 4), (1, 3), (1, 3)]

Experiment 54:
  Success: false
  Steps: 30
  Path: [(1, 1), (1, 1), (1, 1), (1, 1), (1, 1), (1, 1), (1, 1), (1, 1), (1, 1), (1, 1), (1, 1), (1, 1), (1, 1), (1, 1), (1, 1), (1, 1), (1, 1), (1, 1), (1, 1), (1, 1), (1, 1), (1, 1), (1, 1), (1, 2), (1, 3), (1, 2), (1, 3), (2, 3), (2, 3), (1, 4), (1, 4)]

Experiment 63:
  Success: false
  Steps: 30
  Path: [(1, 1), (1, 1), (1, 1), (1, 1), (1, 1), (1, 1), (1, 1), (1, 1), (1, 1), (1, 1), (1, 1), (1, 1), (1, 1), (1, 1), (1, 1), (1, 1), (1, 1), (1, 1), (1, 1), (1, 1), (1, 1), (1, 1), (1, 1), (1, 2), (1, 3), (1, 2), (2, 2), (3, 3), (4, 4), (4, 4), (4, 4)]

Experiment 86:
  Success: false
  Steps: 30
  Path: [(1, 1), (1, 1), (1, 1), (1, 1), (1, 1), (1, 1), (1, 1), (1, 1), (1, 1), (1, 1), (1, 1), (1, 1), (1, 1), (1, 1), (1, 1), (1, 1), (1, 1), (1, 1), (1, 1), (1, 1), (1, 1), (1, 1), (1, 2), (1, 3), (2, 3), (2, 3), (2, 3), (3, 4), (3, 4), (3, 4), (3, 4)]

Experiment 91:
  Success: false
  Steps: 30
  Path: [(1, 1), (1, 1), (1, 1), (1, 1), (1, 1), (1, 1), (1, 1), (1, 1), (1, 1), (1, 1), (1, 1), (1, 1), (1, 1), (1, 1), (1, 1), (1, 1), (1, 1), (1, 1), (1, 1), (1, 1), (1, 1), (1, 1), (1, 2), (1, 3), (1, 2), (2, 2), (2, 2), (2, 2), (2, 2), (2, 2), (1, 3)]

Experiment 62:
  Success: false
  Steps: 30
  Path: [(1, 1), (1, 1), (1, 1), (1, 1), (1, 1), (1, 1), (1, 1), (1, 1), (1, 1), (1, 1), (1, 1), (1, 1), (1, 1), (1, 1), (1, 1), (1, 1), (1, 1), (1, 1), (1, 1), (1, 1), (1, 1), (1, 1), (1, 1), (1, 2), (1, 3), (1, 2), (1, 3), (2, 3), (1, 4), (1, 4), (1, 4)]

Experiment 58:
  Success: false
  Steps: 30
  Path: [(1, 1), (1, 1), (1, 1), (1, 1), (1, 1), (1, 1), (1, 1), (1, 1), (1, 1), (1, 1), (1, 1), (1, 1), (1, 1), (1, 1), (1, 1), (1, 1), (1, 1), (1, 1), (1, 1), (1, 1), (1, 1), (1, 1), (1, 1), (1, 2), (1, 3), (1, 2), (2, 2), (3, 3), (4, 4), (4, 4), (4, 4)]

Experiment 52:
  Success: false
  Steps: 30
  Path: [(1, 1), (1, 1), (1, 1), (1, 1), (1, 1), (1, 1), (1, 1), (1, 1), (1, 1), (1, 1), (1, 1), (1, 1), (1, 1), (1, 1), (1, 1), (1, 1), (1, 1), (1, 1), (1, 1), (1, 1), (1, 1), (1, 1), (1, 1), (1, 2), (1, 3), (1, 2), (1, 3), (2, 3), (2, 3), (2, 3), (2, 3)]

Experiment 12:
  Success: false
  Steps: 30
  Path: [(1, 1), (1, 1), (1, 1), (1, 1), (1, 1), (1, 1), (1, 1), (1, 1), (1, 1), (1, 1), (1, 1), (1, 1), (1, 1), (1, 1), (1, 1), (1, 1), (1, 1), (1, 1), (1, 1), (1, 1), (1, 1), (1, 1), (1, 1), (1, 1), (1, 1), (1, 1), (1, 2), (1, 3), (1, 4), (1, 4), (1, 4)]

Experiment 28:
  Success: false
  Steps: 30
  Path: [(1, 1), (1, 1), (1, 1), (1, 1), (1, 1), (1, 1), (1, 1), (1, 1), (1, 1), (1, 1), (1, 1), (1, 1), (1, 1), (1, 1), (1, 1), (1, 1), (1, 1), (1, 1), (1, 1), (1, 1), (1, 1), (1, 1), (1, 1), (1, 1), (1, 1), (1, 2), (1, 3), (1, 2), (2, 2), (3, 3), (4, 4)]

Experiment 75:
  Success: false
  Steps: 30
  Path: [(1, 1), (1, 1), (1, 1), (1, 1), (1, 1), (1, 1), (1, 1), (1, 1), (1, 1), (1, 1), (1, 1), (1, 1), (1, 1), (1, 1), (1, 1), (1, 1), (1, 1), (1, 1), (1, 1), (1, 1), (1, 1), (1, 1), (1, 2), (1, 3), (1, 2), (1, 3), (2, 3), (2, 3), (1, 4), (1, 4), (1, 3)]

Experiment 23:
  Success: false
  Steps: 30
  Path: [(1, 1), (1, 1), (1, 1), (1, 1), (1, 1), (1, 1), (1, 1), (1, 1), (1, 1), (1, 1), (1, 1), (1, 1), (1, 1), (1, 1), (1, 1), (1, 1), (1, 1), (1, 1), (1, 1), (1, 1), (1, 1), (1, 1), (1, 1), (1, 1), (1, 1), (1, 2), (1, 3), (1, 2), (2, 2), (3, 3), (3, 3)]

Experiment 92:
  Success: false
  Steps: 30
  Path: [(1, 1), (1, 1), (1, 1), (1, 1), (1, 1), (1, 1), (1, 1), (1, 1), (1, 1), (1, 1), (1, 1), (1, 1), (1, 1), (1, 1), (1, 1), (1, 1), (1, 1), (1, 1), (1, 1), (1, 1), (1, 1), (1, 2), (1, 3), (1, 2), (2, 2), (3, 3), (4, 4), (4, 4), (4, 4), (4, 4), (4, 4)]

Experiment 41:
  Success: false
  Steps: 30
  Path: [(1, 1), (1, 1), (1, 1), (1, 1), (1, 1), (1, 1), (1, 1), (1, 1), (1, 1), (1, 1), (1, 1), (1, 1), (1, 1), (1, 1), (1, 1), (1, 1), (1, 1), (1, 1), (1, 1), (1, 1), (1, 1), (1, 1), (1, 1), (1, 1), (1, 2), (1, 3), (1, 2), (2, 2), (3, 3), (4, 4), (4, 4)]

Experiment 43:
  Success: false
  Steps: 30
  Path: [(1, 1), (1, 1), (1, 1), (1, 1), (1, 1), (1, 1), (1, 1), (1, 1), (1, 1), (1, 1), (1, 1), (1, 1), (1, 1), (1, 1), (1, 1), (1, 1), (1, 1), (1, 1), (1, 1), (1, 1), (1, 1), (1, 1), (1, 1), (1, 1), (1, 2), (1, 3), (1, 2), (2, 2), (3, 3), (4, 4), (4, 4)]

Experiment 11:
  Success: false
  Steps: 30
  Path: [(1, 1), (1, 1), (1, 1), (1, 1), (1, 1), (1, 1), (1, 1), (1, 1), (1, 1), (1, 1), (1, 1), (1, 1), (1, 1), (1, 1), (1, 1), (1, 1), (1, 1), (1, 1), (1, 1), (1, 1), (1, 1), (1, 1), (1, 1), (1, 1), (1, 1), (1, 1), (1, 2), (1, 3), (1, 4), (1, 3), (1, 2)]

Experiment 36:
  Success: false
  Steps: 30
  Path: [(1, 1), (1, 1), (1, 1), (1, 1), (1, 1), (1, 1), (1, 1), (1, 1), (1, 1), (1, 1), (1, 1), (1, 1), (1, 1), (1, 1), (1, 1), (1, 1), (1, 1), (1, 1), (1, 1), (1, 1), (1, 1), (1, 1), (1, 1), (1, 1), (1, 2), (1, 3), (1, 2), (1, 3), (1, 4), (1, 4), (2, 4)]

Experiment 68:
  Success: false
  Steps: 30
  Path: [(1, 1), (1, 1), (1, 1), (1, 1), (1, 1), (1, 1), (1, 1), (1, 1), (1, 1), (1, 1), (1, 1), (1, 1), (1, 1), (1, 1), (1, 1), (1, 1), (1, 1), (1, 1), (1, 1), (1, 1), (1, 1), (1, 1), (1, 1), (1, 2), (1, 3), (1, 2), (2, 2), (3, 3), (3, 3), (3, 3), (2, 4)]

Experiment 69:
  Success: false
  Steps: 30
  Path: [(1, 1), (1, 1), (1, 1), (1, 1), (1, 1), (1, 1), (1, 1), (1, 1), (1, 1), (1, 1), (1, 1), (1, 1), (1, 1), (1, 1), (1, 1), (1, 1), (1, 1), (1, 1), (1, 1), (1, 1), (1, 1), (1, 1), (1, 1), (1, 2), (1, 3), (1, 2), (1, 3), (2, 3), (2, 3), (3, 4), (3, 4)]

Experiment 98:
  Success: false
  Steps: 30
  Path: [(1, 1), (1, 1), (1, 1), (1, 1), (1, 1), (1, 1), (1, 1), (1, 1), (1, 1), (1, 1), (1, 1), (1, 1), (1, 1), (1, 1), (1, 1), (1, 1), (1, 1), (1, 1), (1, 1), (1, 1), (1, 1), (1, 2), (1, 3), (1, 2), (2, 2), (3, 3), (4, 4), (4, 4), (4, 4), (4, 4), (4, 4)]

Experiment 82:
  Success: false
  Steps: 30
  Path: [(1, 1), (1, 1), (1, 1), (1, 1), (1, 1), (1, 1), (1, 1), (1, 1), (1, 1), (1, 1), (1, 1), (1, 1), (1, 1), (1, 1), (1, 1), (1, 1), (1, 1), (1, 1), (1, 1), (1, 1), (1, 1), (1, 1), (1, 2), (1, 3), (1, 2), (1, 3), (1, 3), (1, 3), (1, 3), (1, 3), (1, 3)]

Experiment 85:
  Success: false
  Steps: 30
  Path: [(1, 1), (1, 1), (1, 1), (1, 1), (1, 1), (1, 1), (1, 1), (1, 1), (1, 1), (1, 1), (1, 1), (1, 1), (1, 1), (1, 1), (1, 1), (1, 1), (1, 1), (1, 1), (1, 1), (1, 1), (1, 1), (1, 1), (1, 2), (1, 3), (1, 2), (2, 2), (3, 3), (4, 4), (4, 4), (4, 4), (4, 4)]

Experiment 39:
  Success: false
  Steps: 30
  Path: [(1, 1), (1, 1), (1, 1), (1, 1), (1, 1), (1, 1), (1, 1), (1, 1), (1, 1), (1, 1), (1, 1), (1, 1), (1, 1), (1, 1), (1, 1), (1, 1), (1, 1), (1, 1), (1, 1), (1, 1), (1, 1), (1, 1), (1, 1), (1, 1), (1, 2), (1, 3), (1, 2), (2, 2), (3, 3), (4, 4), (4, 4)]

Experiment 84:
  Success: false
  Steps: 30
  Path: [(1, 1), (1, 1), (1, 1), (1, 1), (1, 1), (1, 1), (1, 1), (1, 1), (1, 1), (1, 1), (1, 1), (1, 1), (1, 1), (1, 1), (1, 1), (1, 1), (1, 1), (1, 1), (1, 1), (1, 1), (1, 1), (1, 1), (1, 2), (1, 3), (1, 2), (2, 2), (3, 3), (4, 4), (4, 4), (4, 4), (4, 4)]

Experiment 77:
  Success: false
  Steps: 30
  Path: [(1, 1), (1, 1), (1, 1), (1, 1), (1, 1), (1, 1), (1, 1), (1, 1), (1, 1), (1, 1), (1, 1), (1, 1), (1, 1), (1, 1), (1, 1), (1, 1), (1, 1), (1, 1), (1, 1), (1, 1), (1, 1), (1, 1), (1, 2), (1, 3), (1, 2), (1, 3), (2, 3), (2, 3), (3, 4), (3, 4), (3, 4)]

Experiment 7:
  Success: false
  Steps: 30
  Path: [(1, 1), (1, 1), (1, 1), (1, 1), (1, 1), (1, 2), (1, 3), (2, 3), (2, 3), (2, 3), (2, 3), (2, 3), (2, 3), (2, 3), (2, 3), (2, 3), (2, 3), (2, 3), (2, 3), (2, 3), (2, 3), (2, 3), (2, 3), (2, 3), (2, 3), (2, 3), (2, 3), (2, 3), (1, 4), (1, 4), (1, 4)]

Experiment 25:
  Success: false
  Steps: 30
  Path: [(1, 1), (1, 1), (1, 1), (1, 1), (1, 1), (1, 1), (1, 1), (1, 1), (1, 1), (1, 1), (1, 1), (1, 1), (1, 1), (1, 1), (1, 1), (1, 1), (1, 1), (1, 1), (1, 1), (1, 1), (1, 1), (1, 1), (1, 1), (1, 1), (1, 1), (1, 2), (1, 3), (1, 2), (2, 2), (3, 3), (2, 4)]

Experiment 95:
  Success: false
  Steps: 30
  Path: [(1, 1), (1, 1), (1, 1), (1, 1), (1, 1), (1, 1), (1, 1), (1, 1), (1, 1), (1, 1), (1, 1), (1, 1), (1, 1), (1, 1), (1, 1), (1, 1), (1, 1), (1, 1), (1, 1), (1, 1), (1, 1), (1, 2), (1, 3), (1, 2), (1, 2), (2, 2), (2, 2), (2, 2), (2, 2), (2, 4), (2, 4)]

Experiment 71:
  Success: false
  Steps: 30
  Path: [(1, 1), (1, 1), (1, 1), (1, 1), (1, 1), (1, 1), (1, 1), (1, 1), (1, 1), (1, 1), (1, 1), (1, 1), (1, 1), (1, 1), (1, 1), (1, 1), (1, 1), (1, 1), (1, 1), (1, 1), (1, 1), (1, 1), (1, 1), (1, 2), (1, 3), (2, 3), (2, 3), (2, 3), (1, 4), (1, 4), (1, 4)]

Experiment 66:
  Success: false
  Steps: 30
  Path: [(1, 1), (1, 1), (1, 1), (1, 1), (1, 1), (1, 1), (1, 1), (1, 1), (1, 1), (1, 1), (1, 1), (1, 1), (1, 1), (1, 1), (1, 1), (1, 1), (1, 1), (1, 1), (1, 1), (1, 1), (1, 1), (1, 1), (1, 1), (1, 2), (1, 3), (1, 2), (2, 2), (3, 3), (3, 3), (3, 3), (2, 4)]

Experiment 76:
  Success: false
  Steps: 30
  Path: [(1, 1), (1, 1), (1, 1), (1, 1), (1, 1), (1, 1), (1, 1), (1, 1), (1, 1), (1, 1), (1, 1), (1, 1), (1, 1), (1, 1), (1, 1), (1, 1), (1, 1), (1, 1), (1, 1), (1, 1), (1, 1), (1, 1), (1, 2), (1, 3), (1, 2), (1, 3), (2, 3), (2, 3), (1, 4), (1, 4), (2, 4)]

Experiment 34:
  Success: false
  Steps: 30
  Path: [(1, 1), (1, 1), (1, 1), (1, 1), (1, 1), (1, 1), (1, 1), (1, 1), (1, 1), (1, 1), (1, 1), (1, 1), (1, 1), (1, 1), (1, 1), (1, 1), (1, 1), (1, 1), (1, 1), (1, 1), (1, 1), (1, 1), (1, 1), (1, 1), (1, 1), (1, 2), (1, 3), (1, 2), (2, 2), (3, 3), (4, 4)]

Experiment 50:
  Success: false
  Steps: 30
  Path: [(1, 1), (1, 1), (1, 1), (1, 1), (1, 1), (1, 1), (1, 1), (1, 1), (1, 1), (1, 1), (1, 1), (1, 1), (1, 1), (1, 1), (1, 1), (1, 1), (1, 1), (1, 1), (1, 1), (1, 1), (1, 1), (1, 1), (1, 1), (1, 1), (1, 2), (1, 3), (1, 2), (2, 2), (3, 3), (4, 4), (4, 4)]

Experiment 59:
  Success: false
  Steps: 30
  Path: [(1, 1), (1, 1), (1, 1), (1, 1), (1, 1), (1, 1), (1, 1), (1, 1), (1, 1), (1, 1), (1, 1), (1, 1), (1, 1), (1, 1), (1, 1), (1, 1), (1, 1), (1, 1), (1, 1), (1, 1), (1, 1), (1, 1), (1, 1), (1, 2), (1, 3), (1, 2), (2, 2), (3, 3), (4, 4), (4, 4), (4, 4)]

Experiment 93:
  Success: false
  Steps: 30
  Path: [(1, 1), (1, 1), (1, 1), (1, 1), (1, 1), (1, 1), (1, 1), (1, 1), (1, 1), (1, 1), (1, 1), (1, 1), (1, 1), (1, 1), (1, 1), (1, 1), (1, 1), (1, 1), (1, 1), (1, 1), (1, 1), (1, 1), (1, 2), (1, 3), (1, 2), (2, 2), (2, 2), (2, 2), (2, 2), (2, 4), (2, 4)]

Experiment 2:
  Success: false
  Steps: 30
  Path: [(1, 1), (1, 1), (1, 1), (1, 1), (2, 1), (2, 3), (2, 3), (2, 3), (2, 3), (3, 4), (3, 4), (3, 4), (3, 4), (3, 4), (3, 4), (3, 4), (3, 4), (3, 4), (3, 4), (3, 4), (3, 4), (3, 4), (3, 4), (3, 4), (3, 4), (3, 4), (3, 4), (3, 4), (3, 4), (3, 4), (3, 4)]

Experiment 10:
  Success: false
  Steps: 30
  Path: [(1, 1), (1, 1), (1, 1), (1, 1), (1, 1), (1, 1), (1, 1), (1, 1), (1, 1), (1, 1), (1, 1), (1, 1), (1, 1), (1, 1), (1, 1), (1, 1), (1, 1), (1, 1), (1, 1), (1, 1), (1, 1), (1, 1), (1, 1), (1, 1), (1, 1), (1, 1), (1, 1), (1, 2), (1, 3), (1, 4), (1, 4)]

Experiment 18:
  Success: false
  Steps: 30
  Path: [(1, 1), (1, 1), (1, 1), (1, 1), (1, 1), (1, 1), (1, 1), (1, 1), (1, 1), (1, 1), (1, 1), (1, 1), (1, 1), (1, 1), (1, 1), (1, 1), (1, 1), (1, 1), (1, 1), (1, 1), (1, 1), (1, 1), (1, 1), (1, 1), (1, 1), (1, 1), (1, 2), (1, 3), (1, 2), (2, 2), (2, 4)]

Experiment 26:
  Success: false
  Steps: 30
  Path: [(1, 1), (1, 1), (1, 1), (1, 1), (1, 1), (1, 1), (1, 1), (1, 1), (1, 1), (1, 1), (1, 1), (1, 1), (1, 1), (1, 1), (1, 1), (1, 1), (1, 1), (1, 1), (1, 1), (1, 1), (1, 1), (1, 1), (1, 1), (1, 1), (1, 1), (1, 2), (1, 3), (1, 2), (2, 2), (3, 3), (3, 3)]

Experiment 27:
  Success: false
  Steps: 30
  Path: [(1, 1), (1, 1), (1, 1), (1, 1), (1, 1), (1, 1), (1, 1), (1, 1), (1, 1), (1, 1), (1, 1), (1, 1), (1, 1), (1, 1), (1, 1), (1, 1), (1, 1), (1, 1), (1, 1), (1, 1), (1, 1), (1, 1), (1, 1), (1, 1), (1, 1), (1, 2), (1, 3), (1, 2), (2, 2), (3, 3), (3, 3)]

Experiment 42:
  Success: false
  Steps: 30
  Path: [(1, 1), (1, 1), (1, 1), (1, 1), (1, 1), (1, 1), (1, 1), (1, 1), (1, 1), (1, 1), (1, 1), (1, 1), (1, 1), (1, 1), (1, 1), (1, 1), (1, 1), (1, 1), (1, 1), (1, 1), (1, 1), (1, 1), (1, 1), (1, 1), (1, 2), (1, 3), (1, 2), (2, 2), (3, 3), (4, 4), (4, 4)]

Experiment 87:
  Success: false
  Steps: 30
  Path: [(1, 1), (1, 1), (1, 1), (1, 1), (1, 1), (1, 1), (1, 1), (1, 1), (1, 1), (1, 1), (1, 1), (1, 1), (1, 1), (1, 1), (1, 1), (1, 1), (1, 1), (1, 1), (1, 1), (1, 1), (1, 1), (1, 1), (1, 2), (1, 3), (1, 2), (2, 2), (3, 3), (3, 3), (3, 3), (3, 3), (2, 4)]

Experiment 100:
  Success: false
  Steps: 30
  Path: [(1, 1), (1, 1), (1, 1), (1, 1), (1, 1), (1, 1), (1, 1), (1, 1), (1, 1), (1, 1), (1, 1), (1, 1), (1, 1), (1, 1), (1, 1), (1, 1), (1, 1), (1, 1), (1, 1), (1, 1), (1, 1), (1, 2), (1, 3), (1, 2), (2, 2), (3, 3), (3, 3), (3, 3), (3, 3), (3, 3), (2, 4)]

Experiment 79:
  Success: false
  Steps: 30
  Path: [(1, 1), (1, 1), (1, 1), (1, 1), (1, 1), (1, 1), (1, 1), (1, 1), (1, 1), (1, 1), (1, 1), (1, 1), (1, 1), (1, 1), (1, 1), (1, 1), (1, 1), (1, 1), (1, 1), (1, 1), (1, 1), (1, 1), (1, 2), (1, 3), (1, 2), (2, 2), (3, 3), (4, 4), (4, 4), (4, 4), (4, 4)]

Experiment 16:
  Success: false
  Steps: 30
  Path: [(1, 1), (1, 1), (1, 1), (1, 1), (1, 1), (1, 1), (1, 1), (1, 1), (1, 1), (1, 1), (1, 1), (1, 1), (1, 1), (1, 1), (1, 1), (1, 1), (1, 1), (1, 1), (1, 1), (1, 1), (1, 1), (1, 1), (1, 1), (1, 1), (1, 1), (1, 1), (1, 2), (1, 3), (1, 2), (2, 2), (3, 3)]

Experiment 20:
  Success: false
  Steps: 30
  Path: [(1, 1), (1, 1), (1, 1), (1, 1), (1, 1), (1, 1), (1, 1), (1, 1), (1, 1), (1, 1), (1, 1), (1, 1), (1, 1), (1, 1), (1, 1), (1, 1), (1, 1), (1, 1), (1, 1), (1, 1), (1, 1), (1, 1), (1, 1), (1, 1), (1, 1), (1, 2), (1, 3), (1, 2), (2, 2), (3, 3), (4, 4)]

Experiment 81:
  Success: false
  Steps: 30
  Path: [(1, 1), (1, 1), (1, 1), (1, 1), (1, 1), (1, 1), (1, 1), (1, 1), (1, 1), (1, 1), (1, 1), (1, 1), (1, 1), (1, 1), (1, 1), (1, 1), (1, 1), (1, 1), (1, 1), (1, 1), (1, 1), (1, 1), (1, 2), (1, 3), (1, 2), (2, 2), (3, 3), (4, 4), (4, 4), (4, 4), (4, 4)]

Experiment 19:
  Success: false
  Steps: 30
  Path: [(1, 1), (1, 1), (1, 1), (1, 1), (1, 1), (1, 1), (1, 1), (1, 1), (1, 1), (1, 1), (1, 1), (1, 1), (1, 1), (1, 1), (1, 1), (1, 1), (1, 1), (1, 1), (1, 1), (1, 1), (1, 1), (1, 1), (1, 1), (1, 1), (1, 1), (1, 1), (1, 2), (1, 3), (1, 2), (2, 2), (3, 3)]

Experiment 49:
  Success: false
  Steps: 30
  Path: [(1, 1), (1, 1), (1, 1), (1, 1), (1, 1), (1, 1), (1, 1), (1, 1), (1, 1), (1, 1), (1, 1), (1, 1), (1, 1), (1, 1), (1, 1), (1, 1), (1, 1), (1, 1), (1, 1), (1, 1), (1, 1), (1, 1), (1, 1), (1, 1), (1, 2), (1, 3), (1, 2), (2, 2), (3, 3), (4, 4), (4, 4)]

Experiment 44:
  Success: false
  Steps: 30
  Path: [(1, 1), (1, 1), (1, 1), (1, 1), (1, 1), (1, 1), (1, 1), (1, 1), (1, 1), (1, 1), (1, 1), (1, 1), (1, 1), (1, 1), (1, 1), (1, 1), (1, 1), (1, 1), (1, 1), (1, 1), (1, 1), (1, 1), (1, 1), (1, 1), (1, 2), (1, 3), (1, 2), (2, 2), (3, 3), (4, 4), (4, 4)]

Experiment 9:
  Success: false
  Steps: 30
  Path: [(1, 1), (1, 1), (1, 1), (1, 1), (1, 1), (1, 1), (1, 1), (1, 1), (1, 1), (1, 1), (1, 1), (1, 1), (1, 1), (1, 1), (1, 1), (1, 1), (1, 1), (1, 1), (1, 1), (1, 1), (1, 1), (1, 1), (1, 1), (1, 1), (1, 1), (1, 1), (1, 1), (1, 2), (1, 3), (1, 4), (1, 3)]

Experiment 31:
  Success: false
  Steps: 30
  Path: [(1, 1), (1, 1), (1, 1), (1, 1), (1, 1), (1, 1), (1, 1), (1, 1), (1, 1), (1, 1), (1, 1), (1, 1), (1, 1), (1, 1), (1, 1), (1, 1), (1, 1), (1, 1), (1, 1), (1, 1), (1, 1), (1, 1), (1, 1), (1, 1), (1, 1), (1, 2), (1, 3), (1, 2), (2, 2), (3, 3), (3, 3)]

Experiment 74:
  Success: false
  Steps: 30
  Path: [(1, 1), (1, 1), (1, 1), (1, 1), (1, 1), (1, 1), (1, 1), (1, 1), (1, 1), (1, 1), (1, 1), (1, 1), (1, 1), (1, 1), (1, 1), (1, 1), (1, 1), (1, 1), (1, 1), (1, 1), (1, 1), (1, 1), (1, 2), (1, 3), (1, 2), (1, 3), (2, 3), (2, 3), (2, 3), (3, 4), (3, 4)]

Experiment 61:
  Success: false
  Steps: 30
  Path: [(1, 1), (1, 1), (1, 1), (1, 1), (1, 1), (1, 1), (1, 1), (1, 1), (1, 1), (1, 1), (1, 1), (1, 1), (1, 1), (1, 1), (1, 1), (1, 1), (1, 1), (1, 1), (1, 1), (1, 1), (1, 1), (1, 1), (1, 1), (1, 2), (1, 3), (1, 2), (2, 2), (3, 3), (4, 4), (4, 4), (4, 4)]

Experiment 29:
  Success: false
  Steps: 30
  Path: [(1, 1), (1, 1), (1, 1), (1, 1), (1, 1), (1, 1), (1, 1), (1, 1), (1, 1), (1, 1), (1, 1), (1, 1), (1, 1), (1, 1), (1, 1), (1, 1), (1, 1), (1, 1), (1, 1), (1, 1), (1, 1), (1, 1), (1, 1), (1, 1), (1, 1), (1, 2), (1, 3), (1, 2), (2, 2), (3, 3), (2, 4)]

Experiment 94:
  Success: false
  Steps: 30
  Path: [(1, 1), (1, 1), (1, 1), (1, 1), (1, 1), (1, 1), (1, 1), (1, 1), (1, 1), (1, 1), (1, 1), (1, 1), (1, 1), (1, 1), (1, 1), (1, 1), (1, 1), (1, 1), (1, 1), (1, 1), (1, 1), (1, 2), (1, 3), (1, 2), (1, 3), (2, 3), (2, 3), (1, 4), (1, 4), (1, 4), (1, 3)]

Experiment 46:
  Success: false
  Steps: 30
  Path: [(1, 1), (1, 1), (1, 1), (1, 1), (1, 1), (1, 1), (1, 1), (1, 1), (1, 1), (1, 1), (1, 1), (1, 1), (1, 1), (1, 1), (1, 1), (1, 1), (1, 1), (1, 1), (1, 1), (1, 1), (1, 1), (1, 1), (1, 1), (1, 1), (1, 2), (1, 3), (1, 2), (2, 2), (3, 3), (4, 4), (4, 4)]

Experiment 57:
  Success: false
  Steps: 30
  Path: [(1, 1), (1, 1), (1, 1), (1, 1), (1, 1), (1, 1), (1, 1), (1, 1), (1, 1), (1, 1), (1, 1), (1, 1), (1, 1), (1, 1), (1, 1), (1, 1), (1, 1), (1, 1), (1, 1), (1, 1), (1, 1), (1, 1), (1, 1), (1, 2), (1, 3), (1, 2), (2, 2), (3, 3), (4, 4), (4, 4), (4, 4)]

Experiment 70:
  Success: false
  Steps: 30
  Path: [(1, 1), (1, 1), (1, 1), (1, 1), (1, 1), (1, 1), (1, 1), (1, 1), (1, 1), (1, 1), (1, 1), (1, 1), (1, 1), (1, 1), (1, 1), (1, 1), (1, 1), (1, 1), (1, 1), (1, 1), (1, 1), (1, 1), (1, 1), (1, 2), (1, 3), (1, 2), (2, 2), (3, 3), (4, 4), (4, 4), (4, 4)]

Experiment 21:
  Success: false
  Steps: 30
  Path: [(1, 1), (1, 1), (1, 1), (1, 1), (1, 1), (1, 1), (1, 1), (1, 1), (1, 1), (1, 1), (1, 1), (1, 1), (1, 1), (1, 1), (1, 1), (1, 1), (1, 1), (1, 1), (1, 1), (1, 1), (1, 1), (1, 1), (1, 1), (1, 1), (1, 1), (1, 2), (1, 3), (1, 2), (2, 2), (3, 3), (3, 3)]

Experiment 38:
  Success: false
  Steps: 30
  Path: [(1, 1), (1, 1), (1, 1), (1, 1), (1, 1), (1, 1), (1, 1), (1, 1), (1, 1), (1, 1), (1, 1), (1, 1), (1, 1), (1, 1), (1, 1), (1, 1), (1, 1), (1, 1), (1, 1), (1, 1), (1, 1), (1, 1), (1, 1), (1, 1), (1, 2), (1, 3), (1, 2), (2, 2), (3, 3), (4, 4), (4, 4)]

Experiment 88:
  Success: false
  Steps: 30
  Path: [(1, 1), (1, 1), (1, 1), (1, 1), (1, 1), (1, 1), (1, 1), (1, 1), (1, 1), (1, 1), (1, 1), (1, 1), (1, 1), (1, 1), (1, 1), (1, 1), (1, 1), (1, 1), (1, 1), (1, 1), (1, 1), (1, 1), (1, 2), (1, 3), (2, 3), (2, 3), (2, 3), (1, 4), (1, 4), (1, 4), (2, 4)]

Experiment 78:
  Success: false
  Steps: 30
  Path: [(1, 1), (1, 1), (1, 1), (1, 1), (1, 1), (1, 1), (1, 1), (1, 1), (1, 1), (1, 1), (1, 1), (1, 1), (1, 1), (1, 1), (1, 1), (1, 1), (1, 1), (1, 1), (1, 1), (1, 1), (1, 1), (1, 1), (1, 2), (1, 3), (1, 2), (2, 2), (3, 3), (4, 4), (4, 4), (4, 4), (4, 4)]

Experiment 72:
  Success: false
  Steps: 30
  Path: [(1, 1), (1, 1), (1, 1), (1, 1), (1, 1), (1, 1), (1, 1), (1, 1), (1, 1), (1, 1), (1, 1), (1, 1), (1, 1), (1, 1), (1, 1), (1, 1), (1, 1), (1, 1), (1, 1), (1, 1), (1, 1), (1, 1), (1, 1), (1, 2), (1, 3), (2, 3), (2, 3), (2, 3), (1, 4), (1, 4), (1, 3)]

Experiment 24:
  Success: false
  Steps: 30
  Path: [(1, 1), (1, 1), (1, 1), (1, 1), (1, 1), (1, 1), (1, 1), (1, 1), (1, 1), (1, 1), (1, 1), (1, 1), (1, 1), (1, 1), (1, 1), (1, 1), (1, 1), (1, 1), (1, 1), (1, 1), (1, 1), (1, 1), (1, 1), (1, 1), (1, 1), (1, 2), (1, 3), (1, 2), (2, 2), (3, 3), (4, 4)]

Experiment 8:
  Success: false
  Steps: 30
  Path: [(1, 1), (1, 1), (1, 2), (1, 2), (2, 2), (2, 2), (2, 4), (2, 4), (2, 4), (2, 4), (2, 4), (2, 4), (2, 4), (2, 4), (2, 4), (2, 4), (2, 4), (2, 4), (2, 4), (2, 4), (2, 4), (2, 4), (2, 4), (2, 4), (2, 4), (2, 4), (2, 4), (2, 4), (2, 4), (2, 4), (2, 4)]

Experiment 17:
  Success: false
  Steps: 30
  Path: [(1, 1), (1, 1), (1, 1), (1, 1), (1, 1), (1, 1), (1, 1), (1, 1), (1, 1), (1, 1), (1, 1), (1, 1), (1, 1), (1, 1), (1, 1), (1, 1), (1, 1), (1, 1), (1, 1), (1, 1), (1, 1), (1, 1), (1, 1), (1, 1), (1, 1), (1, 1), (1, 2), (1, 3), (1, 2), (2, 2), (1, 3)]

Experiment 37:
  Success: false
  Steps: 30
  Path: [(1, 1), (1, 1), (1, 1), (1, 1), (1, 1), (1, 1), (1, 1), (1, 1), (1, 1), (1, 1), (1, 1), (1, 1), (1, 1), (1, 1), (1, 1), (1, 1), (1, 1), (1, 1), (1, 1), (1, 1), (1, 1), (1, 1), (1, 1), (1, 1), (1, 2), (1, 3), (1, 2), (1, 3), (2, 3), (1, 4), (1, 3)]

Experiment 1:
  Success: false
  Steps: 30
  Path: [(1, 1), (1, 1), (1, 2), (1, 3), (1, 4), (2, 4), (2, 4), (2, 4), (2, 4), (2, 4), (2, 4), (2, 4), (2, 4), (2, 4), (2, 4), (2, 4), (2, 4), (2, 4), (2, 4), (2, 4), (2, 4), (2, 4), (2, 4), (2, 4), (2, 4), (2, 4), (2, 4), (2, 4), (2, 4), (2, 4), (2, 4)]

Experiment 53:
  Success: false
  Steps: 30
  Path: [(1, 1), (1, 1), (1, 1), (1, 1), (1, 1), (1, 1), (1, 1), (1, 1), (1, 1), (1, 1), (1, 1), (1, 1), (1, 1), (1, 1), (1, 1), (1, 1), (1, 1), (1, 1), (1, 1), (1, 1), (1, 1), (1, 1), (1, 1), (1, 2), (1, 3), (1, 2), (1, 3), (2, 3), (2, 3), (1, 4), (2, 4)]

Experiment 22:
  Success: false
  Steps: 30
  Path: [(1, 1), (1, 1), (1, 1), (1, 1), (1, 1), (1, 1), (1, 1), (1, 1), (1, 1), (1, 1), (1, 1), (1, 1), (1, 1), (1, 1), (1, 1), (1, 1), (1, 1), (1, 1), (1, 1), (1, 1), (1, 1), (1, 1), (1, 1), (1, 1), (1, 1), (1, 2), (1, 3), (1, 2), (2, 2), (3, 3), (2, 4)]

Experiment 47:
  Success: false
  Steps: 30
  Path: [(1, 1), (1, 1), (1, 1), (1, 1), (1, 1), (1, 1), (1, 1), (1, 1), (1, 1), (1, 1), (1, 1), (1, 1), (1, 1), (1, 1), (1, 1), (1, 1), (1, 1), (1, 1), (1, 1), (1, 1), (1, 1), (1, 1), (1, 1), (1, 1), (1, 2), (1, 3), (1, 2), (2, 2), (3, 3), (4, 4), (4, 4)]

Experiment 83:
  Success: false
  Steps: 30
  Path: [(1, 1), (1, 1), (1, 1), (1, 1), (1, 1), (1, 1), (1, 1), (1, 1), (1, 1), (1, 1), (1, 1), (1, 1), (1, 1), (1, 1), (1, 1), (1, 1), (1, 1), (1, 1), (1, 1), (1, 1), (1, 1), (1, 1), (1, 2), (1, 3), (2, 3), (2, 3), (2, 3), (3, 4), (3, 4), (3, 4), (3, 4)]

Experiment 99:
  Success: false
  Steps: 30
  Path: [(1, 1), (1, 1), (1, 1), (1, 1), (1, 1), (1, 1), (1, 1), (1, 1), (1, 1), (1, 1), (1, 1), (1, 1), (1, 1), (1, 1), (1, 1), (1, 1), (1, 1), (1, 1), (1, 1), (1, 1), (1, 1), (1, 2), (1, 3), (1, 2), (1, 2), (2, 2), (2, 2), (2, 2), (2, 2), (1, 3), (1, 3)]

Experiment 89:
  Success: false
  Steps: 30
  Path: [(1, 1), (1, 1), (1, 1), (1, 1), (1, 1), (1, 1), (1, 1), (1, 1), (1, 1), (1, 1), (1, 1), (1, 1), (1, 1), (1, 1), (1, 1), (1, 1), (1, 1), (1, 1), (1, 1), (1, 1), (1, 1), (1, 2), (1, 3), (1, 2), (2, 2), (3, 3), (4, 4), (4, 4), (4, 4), (4, 4), (4, 4)]

Experiment 14:
  Success: false
  Steps: 30
  Path: [(1, 1), (1, 1), (1, 1), (1, 1), (1, 1), (1, 1), (1, 1), (1, 1), (1, 1), (1, 1), (1, 1), (1, 1), (1, 1), (1, 1), (1, 1), (1, 1), (1, 1), (1, 1), (1, 1), (1, 1), (1, 1), (1, 1), (1, 1), (1, 1), (1, 1), (1, 1), (1, 2), (1, 3), (1, 4), (1, 4), (2, 4)]

Experiment 3:
  Success: false
  Steps: 30
  Path: [(1, 1), (1, 1), (1, 2), (1, 3), (2, 3), (3, 4), (3, 4), (3, 4), (3, 4), (3, 4), (3, 4), (3, 4), (3, 4), (3, 4), (3, 4), (3, 4), (3, 4), (3, 4), (3, 4), (3, 4), (3, 4), (3, 4), (3, 4), (3, 4), (3, 4), (3, 4), (3, 4), (3, 4), (3, 4), (3, 4), (3, 4)]

Experiment 80:
  Success: false
  Steps: 30
  Path: [(1, 1), (1, 1), (1, 1), (1, 1), (1, 1), (1, 1), (1, 1), (1, 1), (1, 1), (1, 1), (1, 1), (1, 1), (1, 1), (1, 1), (1, 1), (1, 1), (1, 1), (1, 1), (1, 1), (1, 1), (1, 1), (1, 1), (1, 2), (1, 3), (1, 2), (1, 3), (2, 3), (2, 3), (1, 4), (1, 4), (1, 3)]

Experiment 96:
  Success: false
  Steps: 30
  Path: [(1, 1), (1, 1), (1, 1), (1, 1), (1, 1), (1, 1), (1, 1), (1, 1), (1, 1), (1, 1), (1, 1), (1, 1), (1, 1), (1, 1), (1, 1), (1, 1), (1, 1), (1, 1), (1, 1), (1, 1), (1, 1), (1, 2), (1, 3), (2, 3), (2, 3), (2, 3), (2, 3), (1, 4), (1, 4), (1, 4), (2, 4)]

Experiment 51:
  Success: false
  Steps: 30
  Path: [(1, 1), (1, 1), (1, 1), (1, 1), (1, 1), (1, 1), (1, 1), (1, 1), (1, 1), (1, 1), (1, 1), (1, 1), (1, 1), (1, 1), (1, 1), (1, 1), (1, 1), (1, 1), (1, 1), (1, 1), (1, 1), (1, 1), (1, 1), (1, 2), (1, 3), (1, 2), (1, 3), (2, 3), (2, 3), (1, 4), (1, 4)]

Experiment 33:
  Success: false
  Steps: 30
  Path: [(1, 1), (1, 1), (1, 1), (1, 1), (1, 1), (1, 1), (1, 1), (1, 1), (1, 1), (1, 1), (1, 1), (1, 1), (1, 1), (1, 1), (1, 1), (1, 1), (1, 1), (1, 1), (1, 1), (1, 1), (1, 1), (1, 1), (1, 1), (1, 1), (1, 1), (1, 2), (1, 3), (1, 2), (2, 2), (2, 2), (2, 4)]

Experiment 40:
  Success: false
  Steps: 30
  Path: [(1, 1), (1, 1), (1, 1), (1, 1), (1, 1), (1, 1), (1, 1), (1, 1), (1, 1), (1, 1), (1, 1), (1, 1), (1, 1), (1, 1), (1, 1), (1, 1), (1, 1), (1, 1), (1, 1), (1, 1), (1, 1), (1, 1), (1, 1), (1, 1), (1, 2), (1, 3), (1, 2), (2, 2), (3, 3), (4, 4), (4, 4)]

Experiment 48:
  Success: false
  Steps: 30
  Path: [(1, 1), (1, 1), (1, 1), (1, 1), (1, 1), (1, 1), (1, 1), (1, 1), (1, 1), (1, 1), (1, 1), (1, 1), (1, 1), (1, 1), (1, 1), (1, 1), (1, 1), (1, 1), (1, 1), (1, 1), (1, 1), (1, 1), (1, 1), (1, 1), (1, 2), (1, 3), (1, 2), (2, 2), (3, 3), (4, 4), (4, 4)]

Experiment 15:
  Success: false
  Steps: 30
  Path: [(1, 1), (1, 1), (1, 1), (1, 1), (1, 1), (1, 1), (1, 1), (1, 1), (1, 1), (1, 1), (1, 1), (1, 1), (1, 1), (1, 1), (1, 1), (1, 1), (1, 1), (1, 1), (1, 1), (1, 1), (1, 1), (1, 1), (1, 1), (1, 1), (1, 1), (1, 1), (1, 2), (1, 3), (1, 2), (2, 2), (3, 3)]

Experiment 65:
  Success: false
  Steps: 30
  Path: [(1, 1), (1, 1), (1, 1), (1, 1), (1, 1), (1, 1), (1, 1), (1, 1), (1, 1), (1, 1), (1, 1), (1, 1), (1, 1), (1, 1), (1, 1), (1, 1), (1, 1), (1, 1), (1, 1), (1, 1), (1, 1), (1, 1), (1, 1), (1, 2), (1, 3), (1, 2), (1, 3), (2, 3), (2, 3), (1, 4), (2, 4)]

Experiment 97:
  Success: false
  Steps: 30
  Path: [(1, 1), (1, 1), (1, 1), (1, 1), (1, 1), (1, 1), (1, 1), (1, 1), (1, 1), (1, 1), (1, 1), (1, 1), (1, 1), (1, 1), (1, 1), (1, 1), (1, 1), (1, 1), (1, 1), (1, 1), (1, 1), (1, 2), (1, 3), (2, 3), (3, 4), (3, 4), (3, 4), (3, 4), (3, 4), (3, 4), (3, 4)]
